80 124143794507571433308160
7244803685
16373765561
32998229925
67387054772
136691563670
274385922552
548950076284
1098462266290
2197702090587
4396804569019
8795336609476
17591262752856
35182789914607
70367465945989
140736618233145
281474423368435
562949154234621
1125898990056614
2251799243400164
4503598678741600
9007197860839390
18014397543162270
36028796447540696
72057593075271152
144115187200343536
288230375068564352
576460751406291392
1152921503067198848
2305843008077313280
4611686017126084608
9223372036104989696
18446744072964034560
36893488146580279296
73786976294341582848
147573952589121896448
295147905178594377728
590295810358138634240
1180591620717158596608
2361183241434791411712
4722366482869645213696
2594351100721291845080
4562038920388694162668
2377485775481355228535
3242894153584583103729
2636491084887591335742
2688342784093740911452
3111744447523886980251
4661781835170971663544
4538407396891272094969
4244768113868409896808
3919115577284636248194
4400170974034908712894
3849853401395662644088
3672662664060461435522
4298151555765017551749
2416028684818696305361
3525727183063209149730
4108130742098201889730
4695084067635200216214
3820084131624171009767
2854866112594981881293
3841330816988664985670
3492064574301682307408
2939805078791739388540
3083957806354271936870
3349176349095736501365
3377972579783739606744
3007215459291899169006
4010463810222147314245
3696005968075008287958
3291199260989047191599
3267275013876379557829
3190957422307321379663
3576387423071034169436
4068145959898221295858
2711850468058668292699
3980999802691226333541
2530678817853776716333
3628582415991155789085
4484242216738937921257
