80 124143794507571433308160
4311087529411789030873
4420987080447942570456
4374071509408873631063
4697471427468662052103
4039807303184333723989
3838234336830293129025
4179802288866452124923
4491156283711565807844
3743787779551844951821
4590653050691224150636
3851069965953502734942
4137606148762423354809
4209987233716428129545
4560231853703794684172
4201496239860223894855
4622797051286372610498
3773744361926248579591
3603197969083788592687
4304906648923637765233
3685778051480268724116
3562046069774686935137
3926393132669094713485
4616906687378831919535
4085849641631667426239
4175073314901955855182
4191176445219702351587
3733578724476862549833
4584129291109031733706
4050086476323551094330
4236999428379509243104
3647012035123439721302
4226639381077678782134
3816405435846945840758
4484588901747136262005
4548900883043826251009
4367021305199201760671
4686730054471196022103
4191082462115911830238
3617667289994303694358
4016800272533886052729
3757846332169394723548
4477461803908349912264
4284755867913300013637
4551860392882059955176
3868439875664370902455
4204892614771713961840
3868475973324427979383
4099213810718397521585
3684725463437789117067
3983172627203901739127
4236495359531397379298
3920667495911665756268
4462049049246931170439
4350493868052129342322
4134760053210154643692
4456546748500353960834
3791633460862680121515
4685417892535867112834
4146579294093990121687
3801756772430435791087
4620232242559156400683
3849617052131036630404
3574969008952746546088
4184806589858933514731
4215655998115948424004
3553119304157084505789
4174520854073296342846
4344979623088355660594
4268284694089839196768
3943616127301192268433
3782894593116263735375
4476421313475230355021
4107254246501960152396
4587780775688870413294
4441200416575291382247
4237127901487419766842
4275080188840300165063
4640540292830124152858
3764111835051750065286
4263563885996296268890
