80 124143794507571433308160
2396152286592509362574
2495803931237924222259
2471743433422809461023
2442070110425879919371
2476594110634330867048
2381302768005350694721
2478247192068662372316
2474831803197864035128
2465846267084658206563
2476654268506846739494
2457028400518067299037
2387136271515375061739
2417800798906352952390
2488934401667868967318
2391291761365089604642
2501817423045194612475
2438029555952628661205
2446125989449152148249
2385340084578516312818
2435717248434537904241
2807617643400744564313
2920635792068913577333
2887239602556813471171
2927238982800342257136
3065850085186563826756
3025659671786325242595
2922763753826816197681
2891203040275232784963
3053458347580985888892
3074388160073921793697
2881282306662934056177
2867064410904299887628
2897194925792708425120
3032774222730310232949
2872421732952748405151
3051770821446872014751
2880580947062631738850
3065010756875673699483
3066524214986798137683
2811893199224736703272
3673626128147933808370
3637827961203332461165
3631462579541647481037
3494691602896979385868
3399135270755439571313
3424860912138414649316
3463486363959593182080
3501432986260797279213
3471307518274342035318
3589622417735344435272
3476639005463317113237
3468883055023724834328
3511617815076810138900
3437114280961516436863
3476913859192719591947
3524178118836017606207
3526149754809716670100
3562967069238392672617
3671437684289457497953
3531768144625315502614
4079111315744599164020
4217923558754931028032
4151582142159236341965
4167426452991726523392
4252452323745245424568
4211938108641252752823
4212133205296964157986
4194335389275051268936
4180260862412860214046
4135256267020627483795
4022143230317569142670
4226184227197615727176
4156462369348785996759
4126518741514494084309
4113553094693619659848
4055890954243395561405
4073730622020653385747
4106225658254922190817
4018139125955774694941
4108128177991068964985
