50 22599010919948408
935701212592864
572498410034566
1068796895469367
945633010911254
807372151614310
1104677371550455
704601295455920
572628221162702
1027473956059355
1086367486387189
1072222486593488
599981363694779
752190103343319
687314737531095
602811267482552
601934469041359
871794422464525
1059723958019980
754975678849534
1080695313073967
1007181602729368
778378289188739
804607234542309
577275303700523
883027667407659
1116431267851129
889519165298945
587581580852920
910497533412810
836639096770740
1072762197673098
915056475209043
672136099107235
650871543557332
622542432655618
683606137159341
1096395589680665
1033801951797174
919480862268965
876021752292537
1055442033793256
967439955753362
609324107421910
857513077194485
935609005944054
595288158685114
737666768745914
960712289785155
1020929635008103
639964133050013
