50 22599010919948408
943006308930038
1036584836298177
844812808488423
1033647213423461
1043646215327559
928911841646919
1123073070850664
1016282230995225
1105520117473336
903045577059658
946363292394560
913372904093624
948560397884062
1062023381392962
1032074540403827
885293216027383
949934329639677
979979354663228
921825872651858
1029538292691231
1115451422565493
902618998412117
978650980455084
1062075702376838
966046526960801
1125294609036121
1008347582735232
1058803275414685
940738878210447
1090292582851957
1041029084247506
972120660327062
909913101124981
1072128977625226
1052903561202272
915832682713299
1018996226017138
874865327611179
880996697328214
938562563791488
951201630905865
1111172133825595
900247581841104
893024260425339
889346845428388
1047352024081868
983926513071159
845192312859433
1081915611188970
875899697955796
