50 22599010919948408
724741027663191
950127172861197
894610119864846
894959816971779
744512754541223
1036855552029595
590467002786197
876220083022863
785284843015663
1070304118702320
689715703236715
852223465838627
674846356369100
931395090671175
645374835224187
1053830742027379
580321886773848
995022923670069
855265842222359
1078917395482615
718866464418682
967567610964304
922017600926166
958227355873514
650553061736410
1055410642958880
595210490286406
1102181272189771
879616586357637
964796020033015
874473312441402
1076585734922435
606858634820651
1119049630468670
835794424051950
1081395649043246
623181001663601
967723220865648
715868672755454
924938323659716
983670205758870
1120608682512297
821097652291211
913779013990718
1006393827620571
1096839118594927
973170626219975
1124628712444663
796904770221290
816119851826802
